0.000000 0.000000 0.000000
0.000000 0.000000 0.000000
0.000000 0.000000 0.000000
0.000000 0.000000 0.000000
0.132009 -0.003676 -0.024582
0.397015 -0.006024 -0.006146
0.683032 -0.012321 -0.036873
0.698035 -0.013284 -0.030728
0.696032 -0.012289 -0.159784
0.698035 -0.013284 -0.577679
0.699040 -0.015282 -0.897247
0.698030 -0.011285 -1.167650
0.694998 0.001707 -1.499508
0.694978 0.009707 -1.745329
0.698949 0.021717 -2.034169
0.704929 0.029732 -2.335300
0.712914 0.035752 -2.636431
0.722904 0.039776 -2.906834
0.729904 0.039793 3.105948
0.732904 0.039800 2.817109
0.734907 0.038805 2.509832
0.736911 0.036810 2.220993
0.736909 0.037809 1.926008
0.736914 0.035809 1.606440
0.737894 0.043811 1.315142
0.740875 0.051819 1.026302
0.746858 0.058833 0.712881
0.757843 0.064860 0.436332
0.766835 0.067883 0.159783
0.773832 0.068900 -0.110620
0.774834 0.067902 -0.239676
0.776835 0.067908 -0.227385
1.020974 0.011508 -0.233530
1.268138 -0.054886 -0.276549
1.549348 -0.140195 -0.301131
1.829580 -0.234506 -0.338004
2.111826 -0.333812 -0.350295
2.387100 -0.445136 -0.411750
2.654399 -0.566479 -0.442478
2.916707 -0.691835 -0.448624
3.179026 -0.821191 -0.479351
3.438372 -0.961554 -0.503933
3.696730 -1.106919 -0.491642
3.961030 -1.228270 -0.430187
4.224349 -1.357623 -0.485497
4.479692 -1.496996 -0.497788
4.750966 -1.608329 -0.319568
5.028196 -1.701648 -0.338004
5.300454 -1.805979 -0.387168
5.569745 -1.924317 -0.436333
5.836059 -2.051663 -0.454769
6.101371 -2.178011 -0.448624
6.360695 -2.309374 -0.491642
6.614053 -2.454752 -0.540806
6.839389 -2.591199 -0.553098
7.089767 -2.744584 -0.534661
7.316098 -2.879027 -0.553098
7.537451 -3.022483 -0.596116
7.777868 -3.191892 -0.626844
7.991253 -3.348367 -0.626844
8.205633 -3.501841 -0.608407
8.203626 -3.499846 -0.632989
8.207634 -3.502836 -0.872665
8.208638 -3.504834 -1.198378
8.208638 -3.504834 -1.431908
8.220867 -3.597804 -1.450344
8.252617 -3.902727 -1.474926
8.276345 -4.198670 -1.499508
8.297065 -4.491620 -1.511799
8.310788 -4.785588 -1.536382
8.321514 -5.080561 -1.548673
8.326236 -5.374551 -1.567109
8.323955 -5.666557 -1.591691
8.316676 -5.959576 -1.603982
8.307389 -6.249599 -1.610128
8.290112 -6.543643 -1.640855
8.263835 -6.837707 -1.671583
8.236548 -7.127775 -1.677729
8.215015 -7.316829 -1.683874
8.215009 -7.314828 -1.690020
8.216010 -7.315825 -1.849803
8.213022 -7.320833 -2.120206
8.214017 -7.318831 -2.218535
8.161199 -7.392961 -2.193953
7.998742 -7.614361 -2.224681
7.815310 -7.845812 -2.261554
7.622867 -8.072286 -2.292281
7.426406 -8.291770 -2.323009
7.243885 -8.487219 -2.341446
7.035402 -8.697733 -2.366027
6.824905 -8.902251 -2.390610
6.608385 -9.097784 -2.439774
6.380833 -9.280343 -2.501229
6.146262 -9.454921 -2.519666
5.904673 -9.622515 -2.556539
5.658059 -9.780122 -2.599557
5.405422 -9.927743 -2.636431
5.146760 -10.065379 -2.673304
4.884078 -10.195025 -2.697886
4.619375 -10.316676 -2.734759
4.348659 -10.432342 -2.740905
4.076932 -10.544010 -2.765487
3.805186 -10.647677 -2.790069
3.527418 -10.742360 -2.839233
3.245630 -10.829054 -2.857670
2.964818 -10.905744 -2.900689
2.678978 -10.971448 -2.949853
2.420092 -11.018083 -2.980580
2.130198 -11.061795 -3.005162
1.869278 -11.094437 -3.035890
1.604335 -11.118088 -3.078908
1.312366 -11.130806 -3.115781
1.048378 -11.136455 -3.121927
0.757397 -11.144171 -3.109636
0.494412 -11.150817 3.136676
0.204399 -11.145530 3.099803
0.069382 -11.138861 3.093657
0.068382 -11.138863 3.093657
0.068382 -11.138863 3.093657
0.068382 -11.138863 3.093657
0.059382 -11.138885 3.075221
-0.226669 -11.118588 3.056784
-0.519739 -11.090310 3.032202
-0.806819 -11.058014 3.019911
-1.096904 -11.023727 3.019911
-1.386987 -10.990441 3.007620
-1.677097 -10.946152 2.970747
-1.964226 -10.893858 2.940019
-2.249370 -10.835558 2.933874
-2.534519 -10.775259 2.921582
-2.818685 -10.707958 2.884709
-3.101883 -10.627653 2.829400
-3.379102 -10.539334 2.823254
