0.000000 0.000000 0.000000
0.000000 0.000000 0.000000
-0.000000 -0.000000 0.000048
-0.000000 -0.000000 0.000048
0.000000 0.000000 -0.000145
0.000000 0.000000 -0.000145
0.000000 0.000000 -0.000298
0.000000 0.000000 -0.000298
0.000000 0.000000 -0.000300
0.132008 -0.003715 -0.024882
0.131998 -0.003716 -0.024807
0.397004 -0.006124 -0.006371
0.396978 -0.006126 -0.004942
0.683002 -0.012079 -0.035669
0.682973 -0.012081 -0.029345
0.697983 -0.012931 -0.023200
0.697981 -0.012931 -0.031297
0.695979 -0.011935 -0.160353
0.695979 -0.011935 -0.139994
0.698001 -0.012891 -0.557889
0.698016 -0.012892 -0.553622
0.699068 -0.014865 -0.873190
0.699084 -0.014858 -0.872384
0.697976 -0.010888 -1.142787
0.697990 -0.010874 -1.137632
0.694569 0.002021 -1.469490
0.694575 0.002028 -1.465495
0.694283 0.010023 -1.711316
0.694283 0.010024 -1.709393
0.697820 0.022169 -1.998233
0.697819 0.022169 -1.998719
0.703511 0.030391 -2.299850
0.703511 0.030389 -2.296188
0.711254 0.036717 -2.597319
0.711253 0.036715 -2.598996
0.721086 0.041111 -2.869399
0.721086 0.041107 -2.858211
0.728077 0.041464 -3.128614
0.728079 0.041459 -3.128409
0.731075 0.041613 2.865937
0.731075 0.041610 2.877889
0.733134 0.040738 2.570612
0.733133 0.040735 2.569867
0.735254 0.038864 2.281028
0.735255 0.038862 2.286382
0.735187 0.039859 1.991397
0.735187 0.039857 1.991834
0.735323 0.037861 1.672266
0.735324 0.037860 1.681070
0.735705 0.045913 1.389772
0.735711 0.045942 1.385906
0.738118 0.054140 1.097066
0.738118 0.054143 1.102162
0.743551 0.061591 0.788741
0.743539 0.061617 0.791725
0.754016 0.068491 0.515176
0.754003 0.068503 0.509279
0.762751 0.072173 0.232730
0.762748 0.072171 0.246217
0.769631 0.073789 -0.024186
0.769629 0.073786 -0.029130
0.770709 0.072873 -0.158186
0.770709 0.072872 -0.166390
0.772704 0.073024 -0.154099
0.772704 0.073025 -0.158866
1.020131 0.033472 -0.165011
1.020106 0.033456 -0.166337
1.271170 -0.016192 -0.209356
1.271143 -0.016216 -0.204199
1.557785 -0.080974 -0.228781
1.557754 -0.081034 -0.223317
1.844469 -0.153276 -0.260190
1.844427 -0.153370 -0.252652
2.134111 -0.228255 -0.264943
2.134063 -0.228366 -0.260863
2.418180 -0.314659 -0.322318
2.418176 -0.314662 -0.316105
2.695841 -0.409924 -0.346833
2.695764 -0.410159 -0.339273
2.969591 -0.507825 -0.345419
2.969582 -0.507844 -0.345073
3.243867 -0.609392 -0.375800
3.243766 -0.609693 -0.361059
3.517865 -0.718468 -0.385641
3.517858 -0.718482 -0.377224
3.792515 -0.830034 -0.364933
3.792506 -0.830055 -0.358187
4.070602 -0.915159 -0.296732
4.070593 -0.915167 -0.292472
4.349177 -1.007148 -0.347782
4.349095 -1.007379 -0.334495
4.622497 -1.106754 -0.346786
4.622487 -1.106787 -0.347759
4.907355 -1.176324 -0.169539
4.907445 -1.176032 -0.189269
5.194450 -1.232539 -0.207705
5.194423 -1.232601 -0.192152
5.478952 -1.296255 -0.241316
5.478958 -1.296236 -0.234763
5.763094 -1.372320 -0.283928
5.763027 -1.372510 -0.256902
6.047793 -1.450282 -0.275338
6.047783 -1.450315 -0.265026
6.332163 -1.524356 -0.258881
6.332170 -1.524320 -0.250270
6.612295 -1.602006 -0.293288
6.612300 -1.601986 -0.288028
6.889821 -1.693129 -0.337192
6.889807 -1.693168 -0.331066
7.138614 -1.779709 -0.343358
7.138609 -1.779717 -0.333560
7.416381 -1.874894 -0.315123
7.416376 -1.874903 -0.309746
7.666990 -1.955483 -0.328183
7.666998 -1.955451 -0.319516
7.915546 -2.043776 -0.362534
7.915546 -2.043777 -0.354580
8.189506 -2.150762 -0.385308
8.189491 -2.150795 -0.378990
8.434742 -2.250140 -0.378990
8.434748 -2.250118 -0.373170
8.680783 -2.344879 -0.354733
8.680804 -2.344807 -0.350822
8.678355 -2.343389 -0.375404
8.678355 -2.343389 -0.367405
8.683007 -2.345222 -0.607081
8.683005 -2.345228 -0.582448
8.684539 -2.346855 -0.908161
8.684538 -2.346857 -0.913502
8.684538 -2.346857 -1.147032
8.684536 -2.346859 -1.148809
8.722247 -2.432713 -1.167245
8.722212 -2.432811 -1.166138
8.838187 -2.716599 -1.190720
8.838099 -2.716835 -1.182454
8.946145 -2.993369 -1.207036
8.946145 -2.993366 -1.202446
9.051707 -3.267421 -1.214737
9.051573 -3.267713 -1.206239
9.153093 -3.543935 -1.230822
9.152208 -3.545715 -1.224117
9.253035 -3.823129 -1.236408
9.247258 -3.833846 -1.182643
9.356890 -4.106670 -1.201079
9.356873 -4.106696 -1.204623
9.458285 -4.380536 -1.229205
9.458388 -4.380364 -1.231623
9.554817 -4.657157 -1.243914
9.554813 -4.657196 -1.305585
9.631201 -4.937133 -1.311731
9.631302 -4.936945 -1.292966
9.706591 -5.221710 -1.323693
9.706303 -5.222111 -1.312264
9.776330 -5.508923 -1.342992
9.777438 -5.507448 -1.346757
9.844152 -5.791055 -1.352903
9.843992 -5.791253 -1.345607
9.885276 -5.976996 -1.351752
9.885480 -5.976751 -1.356000
9.884831 -5.974859 -1.362146
9.884830 -5.974858 -1.359394
9.886100 -5.975476 -1.519177
9.886098 -5.975478 -1.505381
9.884976 -5.981200 -1.775784
9.884982 -5.981195 -1.776466
9.885244 -5.978975 -1.874795
9.885244 -5.978977 -1.876381
9.860359 -6.066531 -1.851799
9.860249 -6.066656 -1.851220
9.781646 -6.329774 -1.881948
9.781420 -6.330022 -1.869903
9.689814 -6.610780 -1.906776
9.689486 -6.611113 -1.888403
9.592847 -6.892157 -1.919130
9.592487 -6.892498 -1.909633
9.492184 -7.169463 -1.940361
9.491665 -7.169920 -1.929525
9.398030 -7.420412 -1.947962
9.397942 -7.420484 -1.948706
9.285900 -7.694761 -1.973287
9.285709 -7.694906 -1.967826
9.170985 -7.965046 -1.992409
9.170561 -7.965346 -1.993265
9.046576 -8.229432 -2.042429
9.045997 -8.229813 -2.033786
8.909039 -8.487399 -2.095241
8.908808 -8.487540 -2.080443
8.766010 -8.742707 -2.098880
8.765782 -8.742836 -2.097432
8.614090 -8.994715 -2.134305
8.613907 -8.994811 -2.131218
8.454295 -9.240132 -2.174236
8.453900 -9.240323 -2.169243
8.285875 -9.479875 -2.206117
8.283639 -9.480874 -2.190734
8.109579 -9.716570 -2.227607
8.107326 -9.717490 -2.211702
7.929879 -9.950561 -2.236284
7.929737 -9.950614 -2.228130
7.748775 -10.178910 -2.265003
7.745435 -10.180033 -2.252810
7.559167 -10.408003 -2.258956
7.555596 -10.409085 -2.258719
7.366632 -10.634024 -2.283301
7.363509 -10.634868 -2.283646
7.170744 -10.852663 -2.308228
7.167623 -10.853408 -2.298329
6.967472 -11.068022 -2.347493
6.963759 -11.068795 -2.332429
6.759472 -11.281367 -2.350866
6.756260 -11.281940 -2.348275
6.548497 -11.485832 -2.391294
6.545825 -11.486233 -2.392849
6.328010 -11.682645 -2.442013
6.324776 -11.683038 -2.437064
6.122068 -11.850687 -2.467791
6.119514 -11.850931 -2.458284
5.890076 -12.033435 -2.482866
5.886583 -12.033671 -2.469715
5.678835 -12.194872 -2.500443
5.676666 -12.194966 -2.497935
5.461263 -12.351027 -2.540953
5.459308 -12.351064 -2.538689
5.215457 -12.512138 -2.575562
5.212943 -12.512118 -2.571803
4.989984 -12.653576 -2.577949
4.988052 -12.653515 -2.572436
4.743935 -12.812061 -2.560145
4.741341 -12.811908 -2.558539
4.520771 -12.955275 -2.595413
4.518554 -12.955095 -2.589989
4.269511 -13.103802 -2.626862
4.267345 -13.103573 -2.620835
4.149579 -13.169942 -2.626981
4.149090 -13.169886 -2.627280
4.148245 -13.170421 -2.627280
4.148245 -13.170422 -2.627188
4.148245 -13.170422 -2.627188
4.148245 -13.170421 -2.627506
4.148245 -13.170421 -2.627506
4.148245 -13.170421 -2.627506
4.140641 -13.175236 -2.645942
4.140636 -13.175236 -2.639901
3.888592 -13.312022 -2.658338
3.887968 -13.311930 -2.655586
3.626081 -13.446486 -2.680168
3.625464 -13.446378 -2.669252
3.367860 -13.577137 -2.681543
3.367720 -13.577109 -2.683217
3.106292 -13.707418 -2.683217
3.104695 -13.707062 -2.679608
2.844292 -13.839147 -2.691899
2.843725 -13.839003 -2.680006
2.578717 -13.965083 -2.716879
2.578781 -13.965102 -2.705527
2.313104 -14.085907 -2.736255
2.313129 -14.085916 -2.724404
2.047036 -14.203817 -2.730549
2.044986 -14.203156 -2.727814
1.778048 -14.320161 -2.740106
1.775528 -14.319287 -2.734735
1.505911 -14.431476 -2.771608
1.503860 -14.430719 -2.758814
1.228715 -14.535339 -2.814123
1.228631 -14.535305 -2.807925
0.954091 -14.631629 -2.814071
0.953789 -14.631500 -2.811370
